	X	Y	H
2015_1138	5545201.7487	7422015.6901	176.28401089520003
2015_1139	5545201.6944	7422015.6101	176.13536441920002
2015_1140	5545201.6232	7422015.5586	176.2884004192
2015_1141	5545201.5692	7422015.4863	176.2637972192
2015_1142	5545201.5182	7422015.417	176.33859721919998
2015_1143	5545201.4627	7422015.3399	176.24661013359997
2015_1144	5545201.4016	7422015.2748	176.1971923048
2015_1145	5545201.3367	7422015.2071	176.120989524
2015_1146	5545201.2663	7422015.1424	176.099861524
2015_1147	5545201.1878	7422015.0729	175.942461524
2015_1148	5545201.1215	7422015.0139	175.92307691439999
2015_1149	5545201.0443	7422014.9534	175.92447691440003
2015_1150	5545200.9578	7422014.8935	186.04319230480002
2015_1151	5545200.8673	7422014.8436	185.8281883048
2015_1152	5545200.8833	7422014.6953	185.8142436952
2015_1153	5545201.0252	7422014.402	185.6361206096
2015_1154	5545201.2107	7422014.1343	185.2885436952
2015_1155	5545201.5537	7422013.7618	185.3566
2015_1156	5545201.8613	7422013.3084	185.2011603048
2015_1157	5545202.2784	7422012.8573	185.0720883048
2015_1158	5545202.7612	7422012.2618	184.7605
2015_1159	5545203.2363	7422011.6972	184.8856603048
2015_1160	5545203.841	7422011.0319	185.03325630479998
2015_1161	5545204.4009	7422010.3853	185.03201660960002
2015_1162	5545205.0511	7422009.6639	184.3834716952
2015_1163	5545205.6956	7422008.9263	184.883204
2015_1164	5545206.383	7422008.209	185.4563603048
2015_1165	5545207.098	7422007.4126	184.0409923048
2015_1166	5545207.7578	7422006.663	183.6710283048
2015_1167	5545208.4644	7422005.7961	183.8251126096
2015_1168	5545209.0986	7422004.9806	183.624896
2015_1169	5545209.7872	7422004.0919	183.27814860959998
2015_1170	5545210.4946	7422003.2077	182.9351243048
2015_1171	5545211.124	7422002.3008	182.9775716952
2015_1172	5545211.8328	7422001.3284	183.4421126096
2015_1173	5545212.4489	7422000.4166	183.3268206096
2015_1174	5545213.1219	7421999.3955	182.9457
2015_1175	5545213.7221	7421998.3597	182.8803756952
2015_1176	5545214.3434	7421997.369	182.7604206096
2015_1177	5545214.8879	7421996.353	182.6984672
2015_1178	5545215.3028	7421995.3503	190.4853076952
2015_1179	5545215.7889	7421994.2434	191.3488723048
2015_1180	5545216.1067	7421993.1941	191.22922060960002
2015_1181	5545216.4828	7421992.0632	191.235332
2015_1182	5545216.8211	7421990.9962	191.281932
2015_1183	5545217.0855	7421989.8715	191.125536
2015_1184	5545217.3702	7421988.7329	191.03298
2015_1185	5545217.5768	7421987.6707	190.8083923048
2015_1186	5545217.733	7421986.5097	190.677696
2015_1187	5545217.797	7421985.4474	190.605068
2015_1188	5545217.6115	7421984.6465	190.13938830479998
2015_1189	5545217.4435	7421983.7436	190.08697230479999
2015_1190	5545217.2706	7421982.8573	189.9355283048
2015_1191	5545216.9714	7421981.9768	189.9555603048
2015_1192	5545216.5062	7421981.2209	189.973952
2015_1193	5545216.0063	7421980.462	189.87976030480002
2015_1194	5545215.3245	7421979.7951	189.6673603048
2015_1195	5545217.2656	7421980.281	189.481284
2015_1196	5545216.5174	7421979.6374	189.32118
2015_1197	5545215.8488	7421979.0407	189.28928830479998
2015_1198	5545144.7695	7421941.2226	188.8015
2015_1199	5545143.2966	7421939.8895	188.6440603048
2015_1200	5545141.1785	7421940.6504	188.4203
2015_1201	5545140.7309	7421939.5268	188.2646603048
2015_1202	5545139.5924	7421939.331	188.13658
2015_1203	5545138.5655	7421939.0011	187.9659
2015_1204	5545137.5125	7421938.788	187.56000830480002
2015_1205	5545136.5351	7421938.4475	186.4483436952
2015_1206	5545135.5578	7421938.1929	184.0255283048
2015_1207	5545134.558	7421937.8801	182.2012126096
2015_1208	5545133.6224	7421937.4562	179.822332
2015_1209	5545132.5912	7421937.1168	179.1045436952
2015_1210	5545131.6276	7421936.6278	178.40366030479998
2015_1211	5545130.6368	7421936.269	177.9615436952
2015_1212	5545129.626	7421935.7342	177.341864
2015_1213	5545128.6263	7421935.2965	176.6951283048
2015_1214	5545127.5304	7421934.829	175.93547939040002
2015_1215	5545126.462	7421934.4528	175.24462830480002
2015_1216	5545125.2819	7421934.1087	174.7324563048
2015_1217	5545124.12	7421933.8885	174.1868716952
2015_1218	5545122.8626	7421933.6496	173.8001388952
2015_1219	5545121.6158	7421933.5741	173.3535364192
2015_1220	5545120.3259	7421933.4373	173.051828724
2015_1221	5545118.9996	7421933.411	172.978128724
2015_1222	5545117.7083	7421933.3298	172.86925672400002
2015_1223	5545116.3627	7421933.2411	172.6827672
2015_1224	5545115.0626	7421933.2068	172.5598032
2015_1225	5545113.7516	7421933.2683	172.34288502880003
2015_1226	5545112.5264	7421933.3586	172.0860158096
2015_1227	5545111.255	7421933.5362	171.80100811440002
2015_1228	5545110.0364	7421933.6113	171.40402350480002
2015_1229	5545108.772	7421933.8269	171.0122748952
2015_1230	5545107.5581	7421933.8757	171.000761524
2015_1231	5545106.2379	7421933.9419	171.0857798096
2015_1232	5545105.0034	7421933.9532	170.8483126096
2015_1233	5545103.7468	7421933.8018	170.5450206096
2015_1234	5545102.5683	7421933.6774	170.4670178288
2015_1235	5545101.3876	7421933.3515	170.2943846096
2015_1236	5545100.2718	7421933.0984	169.7853126096
2015_1237	5545099.1473	7421932.6796	169.4173692192
2015_1238	5545098.0953	7421932.3234	168.9950409144
2015_1239	5545097.0184	7421931.8628	168.240189524
2015_1240	5545095.9642	7421931.4269	167.8490923048
2015_1241	5545094.8914	7421930.9668	167.4755381336
2015_1242	5545093.8525	7421930.4832	167.311961524
2015_1243	5545092.7863	7421930.0508	167.10434582879998
2015_1244	5545091.72	7421929.5396	167.5899563048
2015_1245	5545090.6522	7421929.1281	167.4452458288
2015_1246	5545089.5433	7421928.6693	167.25561782879998
2015_1247	5545088.4803	7421928.2992	167.2733101336
2015_1248	5545087.343	7421927.866	167.2305332192
2015_1249	5545086.2328	7421927.6293	167.1137
2015_1250	5545084.9931	7421927.46	167.5209283048
2015_1251	5545083.7984	7421927.3344	168.0866486096
2015_1252	5545082.5227	7421927.2915	168.4039923048
2015_1253	5545081.3076	7421927.2098	168.2828563048
2015_1254	5545080.0065	7421927.167	168.11791260959998
2015_1255	5545078.7812	7421927.0965	168.14168182880002
2015_1256	5545077.4756	7421927.0354	167.7392458288
2015_1257	5545076.2263	7421926.9911	167.0531923048
2015_1258	5545074.9092	7421926.8974	166.84082552400002
2015_1259	5545073.6745	7421926.8314	167.0179563048
2015_1260	5545072.3393	7421926.7045	167.22141782879999
2015_1261	5545071.101	7421926.6364	167.22451260960003
2015_1262	5545069.7718	7421926.5218	167.4733486096
2015_1263	5545068.5376	7421926.4125	168.643489524
2015_1264	5545067.2016	7421926.3174	169.281961524
2015_1265	5545065.962	7421926.2285	169.5813206096
2015_1266	5545064.6386	7421926.0019	169.9926458288
2015_1267	5545063.4569	7421925.8423	170.4631923048
2015_1268	5545062.3073	7421925.4983	171.0754818288
2015_1269	5545061.2018	7421925.1724	171.02497691439999
2015_1270	5545060.1169	7421924.771	179.7190486096
2015_1271	5545059.0803	7421924.319	175.6255409144
2015_1272	5545058.0658	7421923.859	179.9960716952
2015_1273	5545056.963	7421923.4453	177.6580873904
2015_1274	5545055.9124	7421923.044	177.8729230856
2015_1275	5545054.775	7421922.6281	178.1008667808
2015_1276	5545053.6849	7421922.2408	178.29115908560001
2015_1277	5545052.5253	7421921.8027	178.47738460960002
2015_1278	5545051.4206	7421921.3985	178.6363950856
2015_1279	5545050.2605	7421921.0563	178.7364206096
2015_1280	5545049.139	7421920.6824	178.8097206096
2015_1281	5545047.962	7421920.3299	178.87018460960002
2015_1282	5545046.8534	7421919.988	178.8437049144
2015_1283	5545045.672	7421919.6943	178.8123206096
2015_1284	5545044.5293	7421919.3673	178.9218950856
2015_1285	5545043.3322	7421919.1269	178.9503793904
2015_1286	5545042.1601	7421918.8305	179.0898873904
2015_1287	5545040.9406	7421918.7128	179.0923307808
2015_1288	5545039.7652	7421918.5104	178.96596399999999
2015_1289	5545038.5392	7421918.4532	178.91298739040002
2015_1290	5545037.3569	7421918.3109	178.72277169519998
2015_1291	5545036.1336	7421918.2969	178.67380000000003
2015_1292	5545034.9409	7421918.2109	179.1791716952
2015_1293	5545033.7113	7421918.2674	179.2588126096
2015_1294	5545032.5631	7421918.3153	179.1273126096
2015_1295	5545031.3322	7421918.3967	179.3793206096
2015_1296	5545030.198	7421918.516	180.01223599999997
2015_1297	5545029.0406	7421918.6188	180.49856799999998
2015_1298	5545027.9596	7421918.7203	180.56502830480002
2015_1299	5545026.9265	7421918.8216	180.188664
2015_1300	5545025.8525	7421918.9286	180.3178396952
2015_1301	5545024.8333	7421918.9442	185.6664153904
2015_1302	5545023.8227	7421918.9625	185.867836
2015_1303	5545022.7234	7421918.9971	185.7329756952
2015_1304	5545021.6522	7421919.0014	185.7870283048
2015_1305	5545020.4777	7421919.0083	186.2020603048
2015_1306	5545019.3747	7421918.9923	186.1813883048
2015_1307	5545018.1582	7421918.8542	186.5691243048
2015_1308	5545016.9819	7421918.7765	186.91655260960002
2015_1309	5545015.7833	7421918.5605	186.9566206096
2015_1310	5545014.6282	7421918.3957	186.76738830480002
2015_1311	5545013.4528	7421918.0589	186.6827436952
2015_1312	5545012.3647	7421917.796	186.565932
2015_1313	5545011.2848	7421917.3521	186.3932436952
2015_1314	5545010.1793	7421916.9889	184.7258923048
2015_1315	5545009.0544	7421916.5422	182.318668
2015_1316	5545007.9541	7421916.1263	181.1935603048
2015_1317	5545006.8347	7421915.655	180.873068
2015_1318	5545005.6932	7421915.2541	180.63098830479998
2015_1319	5545004.5104	7421914.8558	179.62078739039998
2015_1320	5545003.3239	7421914.5327	179.2707667808
2015_1321	5545002.0787	7421914.2831	179.1224563048
2015_1322	5545000.8494	7421914.0216	179.5295409144
2015_1323	5544999.5811	7421913.9267	180.03751260960001
2015_1324	5544998.362	7421913.7858	179.94760769520002
2015_1325	5544997.0074	7421913.8217	180.1473756952
2015_1326	5544995.733	7421913.7602	180.28590769520002
2015_1327	5544994.4525	7421913.7158	180.340732
2015_1328	5544993.128	7421913.7296	180.40109999999999
2015_1329	5544991.7896	7421913.6412	180.1730206096
2015_1330	5544990.4672	7421913.5354	180.1576793904
2015_1331	5544989.154	7421913.3463	179.9599126096
2015_1332	5544987.897	7421913.1106	179.4526307808
2015_1333	5544986.6552	7421912.7695	179.1290950856
2015_1334	5544985.4634	7421912.4123	178.3495486096
2015_1335	5544984.3061	7421911.9655	178.1353206096
2015_1336	5544983.1841	7421911.4971	177.3232563048
2015_1337	5544982.0348	7421911.0161	175.590392724
2015_1338	5544980.9022	7421910.5252	173.49447211440003
2015_1339	5544979.7321	7421910.0486	172.517553524
2015_1340	5544978.5847	7421909.5424	172.13431013359997
2015_1341	5544977.4133	7421909.0282	172.0145846096
2015_1342	5544976.2553	7421908.5746	170.64387691439998
2015_1343	5544975.0919	7421908.056	169.790989524
2015_1344	5544973.9447	7421907.6464	169.61739999999998
2015_1345	5544972.7769	7421907.0912	169.4341178288
2015_1346	5544971.5995	7421906.7447	169.4165818288
2015_1347	5544970.3912	7421906.2597	169.41773321920002
2015_1348	5544969.1755	7421905.9349	169.377761524
2015_1349	5544967.9697	7421905.5673	169.40573813359998
2015_1350	5544966.7339	7421905.3719	169.4106332192
2015_1351	5544965.5025	7421905.1323	169.3753923048
2015_1352	5544964.2309	7421905.1368	169.3893846096
2015_1353	5544962.995	7421905.1369	169.4278692192
2015_1354	5544961.7431	7421905.2184	169.46095352400002
2015_1355	5544960.5394	7421905.4429	169.4053332192
2015_1356	5544959.3591	7421905.6237	169.349925524
2015_1357	5544958.1497	7421905.9951	169.2902101336
2015_1358	5544956.9979	7421906.3513	169.2662769144
2015_1359	5544955.8058	7421906.7497	169.2726563048
2015_1360	5544954.6681	7421907.3024	169.295989524
2015_1361	5544953.5276	7421907.7311	169.2765923048
2015_1362	5544952.3451	7421908.2461	169.2774409144
2015_1363	5544951.2121	7421908.6809	169.2498458288
2015_1364	5544950.0693	7421909.158	169.20981260960002
2015_1365	5544948.947	7421909.4005	169.1637769144
2015_1366	5544947.8406	7421909.6526	169.22449230479998
2015_1367	5544946.8045	7421909.6642	169.26049230479998
2015_1368	5544945.8003	7421909.6676	169.29682552399998
2015_1369	5544944.866	7421909.4856	169.335361524
2015_1370	5544943.8974	7421909.393	169.3365409144
2015_1371	5544942.9288	7421909.1951	169.3518846096
2015_1372	5544941.9198	7421909.0973	169.4133
2015_1373	5544940.933	7421908.9738	169.391561524
2015_1374	5544939.8883	7421908.9131	169.3418458288
2015_1375	5544938.9012	7421908.8075	169.4898846096
2015_1376	5544937.8551	7421908.6806	169.5973563048
2015_1377	5544936.8715	7421908.6259	169.74327691439998
2015_1378	5544935.8487	7421908.6551	169.723853524
2015_1379	5544934.9059	7421908.6955	169.9671846096
2015_1380	5544933.9586	7421908.9188	170.47934860959998
2015_1381	5544932.889	7421908.7321	170.6826692192
2015_1382	5544931.9125	7421908.9364	170.4517381336
2015_1383	5544930.9489	7421909.1198	170.9539486096
2015_1384	5544929.9251	7421909.2526	171.7397101336
2015_1385	5544928.9124	7421909.4512	171.84622552399998
2015_1386	5544917.3942	7421911.4545	171.8841
2015_1387	5544916.4668	7421911.7534	172.0476381336
2015_1388	5544915.4607	7421911.976	172.0350972192
2015_1389	5544914.5028	7421912.0963	172.4170381336
2015_1390	5544950.2935	7421888.4368	172.59233321920001
2015_1391	5544951.3519	7421888.7181	172.7630486096
2015_1392	5544952.4433	7421888.9074	172.9620458288
2015_1393	5544953.4657	7421889.1946	172.9740846096
2015_1394	5544954.5725	7421889.3996	173.236864
2015_1395	5544955.6203	7421889.6389	173.3406381336
2015_1396	5544956.7676	7421889.8809	173.48450000000003
2015_1397	5544957.8886	7421890.1811	173.761920724
2015_1398	5544959.0439	7421890.4419	174.2450158096
2015_1399	5544960.1112	7421890.5878	174.5605158096
2015_1400	5544960.736	7421891.1057	174.7691518096
2015_1401	5544961.8861	7421891.2716	174.70132830480003
2015_1402	5544962.9864	7421891.3814	174.68592830480003
2015_1403	5544964.1804	7421891.5388	174.6771
2015_1404	5544965.3192	7421891.6131	188.4809923048
2015_1405	5544966.5125	7421891.7845	178.8271818288
2015_1406	5544967.6986	7421891.8131	179.5905206096
2015_1407	5544968.8794	7421891.9476	179.2036846096
2015_1408	5544970.116	7421892.0134	178.99587169519998
2015_1409	5544971.2695	7421892.0466	178.785764
2015_1410	5544972.4906	7421892.1596	178.5358230856
2015_1411	5544973.67	7421892.1183	178.3813873904
2015_1412	5544974.8452	7421892.1438	178.33370769520002
2015_1413	5544975.9964	7421891.9383	178.042964
2015_1414	5544977.151	7421891.8094	177.3209846096
2015_1415	5544978.3105	7421891.5401	176.18760319999998
2015_1416	5544979.4527	7421891.3265	174.7439004192
2015_1417	5544980.6071	7421891.0864	173.66131089520002
2015_1418	5544981.7261	7421890.9005	173.362053524
2015_1419	5544982.827	7421890.7483	173.2299923048
2015_1420	5544983.9264	7421890.7532	172.95318460960002
2015_1421	5544984.9901	7421890.6928	172.4026049144
2015_1422	5544986.0481	7421890.8458	172.030553524
2015_1423	5544987.1084	7421890.9074	171.666
2015_1424	5544988.1286	7421891.1633	171.4570458288
2015_1425	5544989.2168	7421891.271	171.75195630480002
2015_1426	5544990.2565	7421891.5379	171.84551782879998
2015_1427	5544991.3576	7421891.6748	171.8976846096
2015_1428	5544992.4136	7421891.8633	171.62118182880002
2015_1429	5544993.5335	7421892.0007	172.0973769144
2015_1430	5544994.5912	7421892.128	172.6576178288
2015_1431	5544995.7283	7421892.2557	173.06472552399998
2015_1432	5544996.8365	7421892.3511	172.84607413359998
2015_1433	5544997.979	7421892.4423	172.521161524
2015_1434	5544999.1506	7421892.4984	172.2618458288
2015_1435	5545000.2657	7421892.5263	172.2675178288
2015_1436	5545001.4693	7421892.4008	182.25023199999998
2015_1437	5545002.6252	7421892.2589	181.8296396952
2015_1438	5545003.8609	7421892.1359	181.13167569520002
2015_1439	5545005.091	7421891.9635	180.96425139040002
2015_1440	5545006.2883	7421891.8434	179.9793283048
2015_1441	5545007.605	7421891.7363	179.2747153904
2015_1442	5545008.8635	7421891.5332	178.6667409144
2015_1443	5545010.2046	7421891.5633	177.56830000000002
2015_1444	5545011.5314	7421891.4362	175.92673641919998
2015_1445	5545012.7774	7421891.4424	175.6892108952
2015_1446	5545014.0918	7421891.4473	175.2476850288
2015_1447	5545015.3591	7421891.5137	174.85347489519998
2015_1448	5545016.6047	7421891.5904	174.80908502879998
2015_1449	5545017.837	7421891.7689	174.65060320000003
2015_1450	5545019.0181	7421891.9134	174.7146409144
2015_1451	5545020.2181	7421892.1412	174.92855180959998
2015_1452	5545021.358	7421892.368	174.8627032
2015_1453	5545022.5317	7421892.6199	175.37182072400003
2015_1454	5545023.6478	7421892.9055	175.4314
2015_1455	5545024.8092	7421893.1919	175.3504409144
2015_1456	5545025.8923	7421893.5985	175.472753524
2015_1457	5545026.9217	7421893.9887	175.79354091439998
2015_1458	5545027.9313	7421894.4603	172.0238409144
2015_1459	5545029.0096	7421894.9023	172.0154409144
2015_1460	5545030.0034	7421895.4011	172.0062409144
2015_1461	5545030.9697	7421895.9345	172.0068409144
2015_1462	5545031.9193	7421896.4771	171.9987409144
2015_1463	5545032.8221	7421897.1061	172.0107409144
2015_1464	5545033.7747	7421897.6789	171.9740409144
2015_1465	5545034.5852	7421898.3964	171.9901409144
2015_1466	5545035.4406	7421899.0439	190.5089068952
2015_1467	5545036.2115	7421899.8118	189.9027603048
2015_1468	5545037.0307	7421900.4719	189.158064
2015_1469	5545037.7554	7421901.302	189.052164
2015_1470	5545038.5825	7421901.9853	181.8140846096
2015_1471	5545039.3525	7421902.7903	181.78295630480002
2015_1472	5545040.2296	7421903.4511	181.34070000000003
2015_1473	5545041.0474	7421904.1945	180.9678806096
2015_1474	5545041.9633	7421904.8775	180.87234369520002
2015_1475	5545042.8454	7421905.5417	180.765864
2015_1476	5545043.7473	7421906.2048	180.4223923048
2015_1477	5545044.717	7421906.7504	179.942404
2015_1478	5545045.7162	7421907.331	177.3246206096
2015_1479	5545046.7922	7421907.6986	174.8455409144
2015_1480	5545047.9285	7421908.0941	174.2743875048
2015_1481	5545049.0393	7421908.345	174.47925950479998
2015_1482	5545050.2914	7421908.518	173.847628724
2015_1483	5545051.4999	7421908.6117	173.38112350480003
2015_1484	5545052.7644	7421908.7813	173.24920319999998
2015_1485	5545054.0193	7421908.7884	172.7896518096
2015_1486	5545055.2972	7421908.8489	172.216292724
2015_1487	5545056.5713	7421908.8199	172.3037850288
2015_1488	5545057.8729	7421908.7464	172.1366235048
2015_1489	5545059.1264	7421908.7086	172.134828724
2015_1490	5545060.4159	7421908.6478	172.4589235048
2015_1491	5545061.7033	7421908.5814	173.09940319999998
2015_1492	5545062.9644	7421908.552	173.12317489519998
2015_1493	5545064.267	7421908.5121	173.62564411440002
2015_1494	5545065.5041	7421908.456	173.8435465904
2015_1495	5545066.7891	7421908.5084	173.6756158096
2015_1496	5545068.0213	7421908.5919	174.12098502880002
2015_1497	5545069.2722	7421908.7088	174.63182830480002
2015_1498	5545070.4901	7421908.9662	175.01987691440002
2015_1499	5545071.7108	7421909.2113	175.4248076952
2015_1500	5545072.7829	7421909.6717	174.9527206096
2015_1501	5545073.8391	7421910.1249	174.5207076952
2015_1502	5545074.7704	7421910.7412	173.9670465904
2015_1503	5545075.6933	7421911.342	173.577692724
2015_1504	5545076.5733	7421912.0201	172.96590319999999
2015_1505	5545077.3948	7421912.713	172.21073641919997
2015_1506	5545078.2351	7421913.4477	171.7888850288
2015_1507	5545079.017	7421914.2098	171.22267413359998
2015_1508	5545079.86	7421914.9216	171.1040178288
2015_1509	5545080.6017	7421915.7282	171.040953524
2015_1510	5545081.4588	7421916.4337	170.89511013359999
2015_1511	5545082.1225	7421917.3037	170.663264
2015_1512	5545082.8851	7421918.0899	170.6680206096
2015_1513	5545083.5385	7421918.939	170.50327691439998
2015_1514	5545084.2934	7421919.8379	170.65484582879998
2015_1515	5545085.0055	7421920.6552	170.009861524
2015_1516	5545085.7465	7421921.5993	169.8443381336
2015_1517	5545086.5243	7421922.4276	169.8965923048
2015_1518	5545087.3068	7421923.3492	170.06163813359998
2015_1519	5545088.1866	7421924.15	170.17395630480002
2015_1520	5545089.0456	7421924.968	170.3176178288
2015_1521	5545090.0353	7421925.7179	170.4327381336
2015_1522	5545091.0361	7421926.4084	170.4181972192
2015_1523	5545092.0665	7421927.0763	170.3927563048
2015_1524	5545093.1907	7421927.6154	170.3024206096
2015_1525	5545094.2711	7421928.1979	170.31841013359997
2015_1526	5545095.3918	7421928.8118	170.4061101336
2015_1527	5545096.5214	7421929.3121	170.62605630480002
2015_1528	5545097.6199	7421929.9732	168.52130491440002
2015_1529	5545098.768	7421930.4296	167.6234409144
2015_1530	5545099.9092	7421930.9732	167.4934178288
2015_1531	5545101.0606	7421931.388	167.5219818288
2015_1532	5545102.2582	7421931.7578	167.733364
2015_1533	5545103.4421	7421932.0955	167.813861524
2015_1534	5545104.6228	7421932.3643	167.8843458288
2015_1535	5545105.8799	7421932.5711	168.1306381336
2015_1536	5545107.0748	7421932.7113	168.194089524
2015_1537	5545108.3189	7421932.9633	168.3097332192
2015_1538	5545109.5479	7421933.0078	170.61122350480002
2015_1539	5545110.7842	7421933.1283	170.16281013359998
2015_1540	5545112.0738	7421933.1357	169.806064
2015_1541	5545113.3321	7421933.0418	169.560625524
2015_1542	5545114.5724	7421932.9551	169.47469999999998
2015_1543	5545115.8326	7421932.8101	169.9861409144
2015_1544	5545117.0397	7421932.7318	169.7459049144
2015_1545	5545118.3094	7421932.6987	169.75310000000002
2015_1546	5545119.4554	7421932.8237	169.7209692192
2015_1547	5545120.4721	7421933.077	169.6195923048
2015_1548	5545121.3813	7421933.4287	169.8302692192
2015_1549	5545122.1119	7421933.9204	170.1173409144
2015_1550	5545122.7855	7421934.4403	170.40194582880002
2015_1551	5545123.4722	7421935.0812	170.4925409144
2015_1552	5545124.257	7421935.6991	170.21971013360002
2015_1553	5545124.8957	7421936.4769	170.744189524
2015_1554	5545125.6819	7421937.2008	170.84705352400002
2015_1555	5545126.2495	7421938.0632	170.8850409144
2015_1556	5545127.0048	7421938.907	170.69041013359998
2015_1557	5545127.5417	7421939.8613	170.6523381336
2015_1558	5545128.1695	7421940.8165	170.7557381336
2015_1559	5545128.6342	7421941.8285	170.3285049144
2015_1560	5545129.0708	7421942.8507	169.51501013360001
2015_1561	5545129.4191	7421943.8766	168.7127101336
2015_1562	5545129.6663	7421944.9444	168.14749230479998
2015_1563	5545129.882	7421946.0189	167.85809721919998
2015_1564	5545130.0364	7421947.1481	168.3612563048
2015_1565	5545130.3114	7421948.2249	168.6415178288
2015_1566	5545130.4833	7421949.3541	168.75771013359997
2015_1567	5545130.899	7421950.4162	168.7463206096
2015_1568	5545131.1879	7421951.5277	168.7040332192
2015_1569	5545131.7234	7421952.5556	168.6549206096
2015_1570	5545132.2689	7421953.5855	168.5669409144
2015_1571	5545132.8491	7421954.6166	168.08505352400002
2015_1572	5545133.5357	7421955.6026	168.153564
2015_1573	5545134.1626	7421956.6298	168.2060846096
2015_1574	5545134.8267	7421957.5744	168.2274692192
2015_1575	5545135.5	7421958.6076	168.26749721919998
2015_1576	5545136.1606	7421959.5864	168.3185692192
2015_1577	5545136.908	7421960.6043	172.381464
2015_1578	5545137.6336	7421961.5517	172.3134923048
2015_1579	5545138.4145	7421962.5823	172.2660818288
2015_1580	5545139.2622	7421963.458	172.2750178288
2015_1581	5545140.0985	7421964.4651	172.303864
2015_1582	5545141.0511	7421965.2843	172.2376126096
2015_1583	5545141.9922	7421966.1901	172.005464
2015_1584	5545142.9779	7421966.9887	171.8293486096
2015_1585	5545144.0486	7421967.7885	171.6148332192
2015_1586	5545145.1222	7421968.5325	171.3468923048
2015_1587	5545146.1299	7421969.3734	170.0000178288
2015_1588	5545147.1791	7421970.2282	169.878189524
2015_1589	5545148.1231	7421971.0764	169.9200769144
2015_1590	5545148.98	7421971.9922	169.9953126096
2015_1591	5545149.7431	7421972.8642	169.88369721919997
2015_1592	5545150.5388	7421973.8288	169.7740126096
2015_1593	5545151.2713	7421974.7213	169.700264
2015_1594	5545152.0102	7421975.7093	169.8230818288
2015_1595	5545152.7001	7421976.6186	169.86575630480002
2015_1596	5545153.4002	7421977.609	169.7449769144
2015_1597	5545154.0728	7421978.5487	169.77710000000002
2015_1598	5545154.722	7421979.5301	169.79754860959997
2015_1599	5545155.3633	7421980.4975	169.69776921919998
2015_1600	5545156.0555	7421981.4647	169.5460563048
2015_1601	5545156.6883	7421982.4245	169.5872818288
2015_1602	5545157.3774	7421983.3942	169.6007741336
2015_1603	5545158.0247	7421984.3452	169.51762830479998
2015_1604	5545158.8443	7421985.2397	169.5673049144
2015_1605	5545159.6487	7421986.0713	169.679425524
2015_1606	5545160.4373	7421986.9106	169.78202060959998
2015_1607	5545161.3404	7421987.6838	169.75503321920002
2015_1608	5545162.1577	7421988.4719	169.7436769144
2015_1609	5545163.1282	7421989.225	169.780353524
2015_1610	5545163.8787	7421990.1209	169.87779999999998
2015_1611	5545164.456	7421991.0883	170.1814
2015_1612	5545164.9546	7421992.1061	170.53267413359998
2015_1613	5545165.2854	7421993.1249	170.5333818288
2015_1614	5545165.4709	7421994.1412	170.4585846096
2015_1615	5545165.6274	7421995.118	170.33624582879997
2015_1616	5545165.5969	7421996.0422	170.3259
2015_1617	5545165.6529	7421996.9846	170.36397691439998
2015_1618	5545165.4871	7421997.9096	170.4697049144
2015_1619	5545165.4115	7421998.8419	170.4966818288
2015_1620	5545165.2325	7421999.8255	170.41582830480002
2015_1621	5545165.0984	7422000.8444	170.5130458288
2015_1622	5545164.9632	7422001.8551	170.66298952399998
2015_1623	5545164.9676	7422002.9888	170.7295332192
2015_1624	5545165.0678	7422004.0401	170.86790491440001
2015_1625	5545165.0841	7422005.2056	170.783353524
2015_1626	5545165.3543	7422006.3166	170.65888182880002
2015_1627	5545165.5728	7422007.4757	170.4865049144
2015_1628	5545165.8785	7422008.6029	170.3414769144
2015_1629	5545166.2308	7422009.7962	170.3198
2015_1630	5545166.7428	7422010.9456	170.39896921919998
2015_1631	5545167.1852	7422012.1444	170.5152486096
2015_1632	5545167.5833	7422013.3669	170.45790491440002
2015_1633	5545168.1106	7422014.5982	170.5074381336
2015_1634	5545168.6101	7422015.8025	170.613764
2015_1635	5545169.0146	7422017.049	170.83158460960001
2015_1636	5545169.4878	7422018.2943	170.9018283048
2015_1637	5545169.8681	7422019.5413	170.8508692192
2015_1638	5545170.2681	7422020.79	170.7313409144
2015_1639	5545170.7939	7422022.0237	170.61857413360002
2015_1640	5545171.2285	7422023.2524	170.39351260959998
2015_1641	5545171.4946	7422024.544	170.1907458288
2015_1642	5545171.6822	7422025.7696	169.9064818288
2015_1643	5545171.688	7422026.9247	169.65104860960002
2015_1644	5545171.5237	7422028.0279	169.47359999999998
2015_1645	5545171.3076	7422029.0519	169.381925524
2015_1646	5545170.927	7422029.9996	169.41671260959998
2015_1647	5545170.5173	7422030.9802	169.39242830479998
2015_1648	5545170.0934	7422031.988	169.35804860960002
2015_1649	5545169.5629	7422032.9526	169.31597413359998
2015_1650	5545169.05	7422033.9442	169.3088769144
2015_1651	5545168.4184	7422034.84	169.32757413360002
2015_1652	5545167.8202	7422035.8542	169.32687413360003
2015_1653	5545167.1378	7422036.7852	169.34596399999998
2015_1654	5545166.4769	7422037.7902	169.365653524
2015_1655	5545165.7748	7422038.7612	169.3728972192
2015_1656	5545165.072	7422039.7509	169.33894860959998
2015_1657	5545164.285	7422040.7101	169.3556458288
2015_1658	5545163.5062	7422041.6095	169.358989524
2015_1659	5545162.7507	7422042.5391	169.3928741336
2015_1660	5545161.9547	7422043.4065	169.38912060959998
2015_1661	5545161.2203	7422044.3514	169.3925178288
2015_1662	5545160.3903	7422045.196	169.4092049144
2015_1663	5545159.5701	7422046.0703	169.463089524
2015_1664	5545158.7378	7422046.9322	169.4535769144
2015_1665	5545157.8735	7422047.7596	169.4746178288
2015_1666	5545157.0938	7422048.7019	169.4659206096
2015_1667	5545156.2137	7422049.5388	169.45033321920002
2015_1668	5545155.4483	7422050.4111	169.39986399999998
2015_1669	5545154.6798	7422051.2794	169.33964860959998
2015_1670	5545154.0703	7422052.2412	169.3313126096
2015_1671	5545153.5276	7422053.2221	169.3211206096
2015_1672	5545152.9465	7422054.1491	169.31891782879998
2015_1673	5545152.3183	7422054.9303	169.3392126096
2015_1674	5545151.6701	7422055.6158	169.3608049144
2015_1675	5545150.9716	7422056.2051	169.4161563048
2015_1676	5545150.2784	7422056.6993	169.476364
2015_1677	5545149.5279	7422057.2103	169.42194091439998
2015_1678	5545148.7985	7422057.5887	169.37077691439998
2015_1679	5545148.0119	7422057.8907	169.4078206096
2015_1680	5545147.258	7422058.1828	169.4248
2015_1681	5545146.4843	7422058.3589	169.4957126096
2015_1682	5545145.6803	7422058.4957	169.5471178288
2015_1683	5545144.8758	7422058.5955	169.50419721920002
2015_1684	5545144.0371	7422058.5157	169.57404860960003
2015_1685	5545143.1669	7422058.4911	169.6504458288
2015_1686	5545142.3489	7422058.2724	169.5693101336
2015_1687	5545141.5285	7422058.0249	169.5074381336
2015_1688	5545140.7202	7422057.7211	169.58069999999998
2015_1689	5545140.0442	7422057.2949	169.61467413359998
2015_1690	5545139.2503	7422056.904	169.754289524
2015_1691	5545138.5528	7422056.4647	169.8496741336
2015_1692	5545137.8297	7422056.0056	169.7672206096
2015_1693	5545137.1031	7422055.5787	169.8159458288
2015_1694	5545136.6402	7422055.0303	169.9428126096
2015_1695	5545136.2663	7422054.4461	170.1114
2015_1696	5545136.0247	7422053.8052	170.39835352400002
2015_1697	5545135.7627	7422053.1328	170.43864860960002
2015_1698	5545135.4235	7422052.4336	170.3011741336
2015_1699	5545135.0827	7422051.7756	170.493753524
2015_1700	5545134.7344	7422051.1973	170.5783923048
2015_1701	5545134.4392	7422050.696	171.22427691439998
2015_1702	5545134.1573	7422050.3379	171.95639721920003
2015_1703	5545133.8759	7422050.0279	172.2938692192
2015_1704	5545133.6607	7422049.7357	172.3043692192
2015_1705	5545133.4561	7422049.4453	172.3318458288
2015_1706	5545133.2705	7422049.1718	172.2831178288
2015_1707	5545133.1228	7422048.9002	179.2305692192
2015_1708	5545133.057	7422048.716	179.47999721920002
2015_1709	5545132.9467	7422048.6882	179.5920283048
2015_1710	5545132.8169	7422048.5292	179.33735630479998
2015_1711	5545132.7979	7422048.5366	179.6833769144
2015_1712	5545132.865	7422048.5988	180.0381436952
2015_1713	5545133.0436	7422048.5889	180.462668
2015_1714	5545133.2681	7422048.4037	180.79518339039998
2015_1715	5545133.6296	7422048.1483	180.884832
2015_1716	5545133.8989	7422047.8723	181.526068
2015_1717	5545134.3021	7422047.5333	181.4994465904
2015_1718	5545134.2969	7422047.5726	186.9222283048
2015_1719	5545134.2434	7422047.7019	186.3705283048
2015_1720	5545134.1982	7422047.6619	185.338868
2015_1721	5545134.2456	7422047.7081	184.7004206096
2015_1722	5545134.3107	7422047.6391	184.6978166096
2015_1723	5545134.3389	7422047.6205	184.6468206096
2015_1724	5545134.2954	7422047.6501	184.1591883048
2015_1725	5545134.2846	7422047.6499	183.832196
2015_1726	5545134.3132	7422047.6579	183.68128830479998
2015_1727	5545134.3262	7422047.6444	183.9688603048
2015_1728	5545134.3604	7422047.6389	183.17283600000002
2015_1729	5545134.3401	7422047.6353	180.8788883048
2015_1730	5545134.3427	7422047.6448	180.21897569520002
2015_1731	5545134.3208	7422047.6403	179.82697169520003
2015_1732	5545134.3735	7422047.6084	179.3506
2015_1733	5545134.3577	7422047.6194	179.4101
2015_1734	5545134.3414	7422047.6484	179.1673049144
2015_1735	5545134.3014	7422047.641	179.09984860960003
2015_1736	5545134.3379	7422047.6055	179.3310409144
2015_1737	5545134.3537	7422047.5857	179.6933153904
2015_1738	5545134.3714	7422047.5891	179.71425139040002
2015_1739	5545134.4054	7422047.545	179.1982409144
2015_1740	5545134.4713	7422047.5339	179.44873078080002
2015_1741	5545134.409	7422047.5497	179.3654283048
2015_1742	5545134.3823	7422047.5727	179.70985630479998
2015_1743	5545134.4294	7422047.549	180.0742667808
2015_1744	5545134.451	7422047.5387	180.1901833904
2015_1745	5545134.5273	7422047.5453	182.0961833904
2015_1746	5545134.4625	7422047.6418	183.47312060960002
2015_1747	5545134.3732	7422047.7081	183.8938076952
2015_1748	5545134.397	7422047.7027	183.875964
2015_1749	5545134.3787	7422047.6629	183.970764
2015_1750	5545134.4009	7422047.6611	184.0758756952
2015_1751	5545134.4036	7422047.6736	184.1049603048
2015_1752	5545134.3792	7422047.6603	184.04899600000002
2015_1753	5545134.4025	7422047.6779	184.0454563048
2015_1754	5545134.3847	7422047.688	184.1200166096
2015_1755	5545134.4058	7422047.6381	184.0775716952
2015_1756	5545134.4123	7422047.6437	184.1835436952
2015_1757	5545134.4274	7422047.6443	184.2233563048
2015_1758	5545134.4496	7422047.6371	184.0300206096
2015_1759	5545134.4634	7422047.64	184.08862430480002
2015_1760	5545134.4711	7422047.6394	184.1784806096
2015_1761	5545134.4832	7422047.6331	184.2205563048
2015_1762	5545134.5154	7422047.6308	184.611968
2015_1763	5545134.5369	7422047.6337	184.71528460960002
2015_1764	5545134.5588	7422047.6355	184.51104860959998
2015_1765	5545134.3271	7422047.6572	184.1787603048
2015_1766	5545134.2398	7422047.5751	183.663732
2015_1767	5545134.2542	7422047.6233	183.2048243048
2015_1768	5545134.2517	7422047.6103	183.0614436952
2015_1769	5545134.2595	7422047.6285	183.100832
2015_1770	5545134.2686	7422047.6138	183.6533756952
2015_1771	5545134.2858	7422047.624	184.155604
2015_1772	5545134.2869	7422047.627	183.7104436952
2015_1773	5545134.2878	7422047.6329	182.9329716952
2015_1774	5545134.301	7422047.6332	182.75549999999998
2015_1775	5545134.3299	7422047.6438	183.1232153904
2015_1776	5545134.3492	7422047.6553	183.422464
2015_1777	5545134.3696	7422047.6698	183.03277169519998
2015_1778	5545134.389	7422047.6778	182.9677206096
2015_1779	5545134.3999	7422047.6917	182.9570126096
2015_1780	5545134.4259	7422047.7039	182.9694603048
2015_1781	5545134.4402	7422047.73	183.065396
2015_1782	5545134.4531	7422047.7568	183.2804283048
2015_1783	5545134.4734	7422047.7547	183.4093756952
2015_1784	5545134.5093	7422047.7657	183.5223206096
2015_1785	5545134.5529	7422047.7742	183.5293396952
2015_1786	5545134.5792	7422047.7909	183.89751660960002
2015_1787	5545134.6035	7422047.8033	184.2352206096
2015_1788	5545134.6323	7422047.8195	184.8949
2015_1789	5545134.6615	7422047.8341	185.7388923048
2015_1790	5545134.6977	7422047.8478	185.7038243048
2015_1791	5545134.736	7422047.8661	189.1611513904
2015_1792	5545134.7686	7422047.8868	188.9468563048
2015_1793	5545134.8066	7422047.9064	189.2736486096
2015_1794	5545134.8473	7422047.9208	189.06828460960003
2015_1795	5545134.8894	7422047.9406	190.00822830479999
2015_1796	5545134.931	7422047.9592	190.583764
2015_1797	5545134.9761	7422047.9815	191.212648
2015_1798	5545135.0267	7422048.0089	191.691248
2015_1799	5545135.074	7422048.032	192.28716400000002
2015_1800	5545135.1313	7422048.0597	192.9441876952
2015_1801	5545135.1804	7422048.0863	193.6526083048
2015_1802	5545135.2353	7422048.1141	194.5262443048
2015_1803	5545135.2867	7422048.1435	194.80753600000003
2015_1804	5545135.349	7422048.1721	195.087556
2015_1805	5545135.4045	7422048.2037	195.1140316952
2015_1806	5545135.4687	7422048.2314	195.18353969519998
2015_1807	5545135.5334	7422048.2648	195.3078476952
2015_1808	5545135.5989	7422048.2957	195.51226
2015_1809	5545135.6667	7422048.3314	195.374492
2015_1810	5545135.7409	7422048.3667	195.535208
2015_1811	5545135.8141	7422048.3994	195.69436
2015_1812	5545135.8897	7422048.4362	195.74862000000002
2015_1813	5545135.9654	7422048.4756	195.85700400000002
2015_1814	5545136.0433	7422048.5125	195.9475396952
2015_1815	5545136.122	7422048.5637	196.066168
2015_1816	5545136.2059	7422048.601	196.092736
2015_1817	5545136.3735	7422048.5032	196.1851876952
2015_1818	5545136.4581	7422048.5452	196.276876
2015_1819	5545136.5446	7422048.5817	196.3924636952
2015_1820	5545136.6531	7422048.6257	196.4367156952
2015_1821	5545136.7428	7422048.6637	196.5774716952
2015_1822	5545136.8532	7422048.7031	196.68416
2015_1823	5545136.9423	7422048.7485	196.6912476952
2015_1824	5545137.0642	7422048.7775	196.7261716952
